[OBJECTS STATIC IN GRID]
# type	x	y	w	h	ani_set_id	extra_settings per object type
# type:  1 = Brick, 2 = Goomba, 3 = Koopas
#object_type_id	x	y	w	h	animation_sets	collisionX	collisionY
# COLLISION MAP
2	1056	1104	96	144	3	2	2
2	5376	1152	96	96	3	2	2
2	5568	1104	96	144	3	2	2
2	6768	432	96	528	3	2	2
2	6768	1104	96	144	3	2	2
2	6960	1152	96	96	3	2	2
2	4512	1008	96	48	3	2	2
2	4800	1104	48	48	3	2	2
2	4752	1152	96	48	3	2	2
2	4704	1200	144	48	3	2	2
2	4992	1104	48	48	3	2	2
2	4992	1152	96	48	3	2	2
2	4992	1200	144	48	3	2	2
# ghost platform
2	720	1104	144	48	3	0	-1
2	816	1008	144	48	3	0	-1
2	1200	1104	240	48	3	0	-1
2	1392	1008	192	48	3	0	-1
2	1536	912	192	48	3	0	-1
2	1536	1152	288	48	3	0	-1
2	3792	1152	336	48	3	0	-1
2	3888	1056	336	48	3	0	-1
2	3984	960	336	48	3	0	-1
2	3936	432	192	48	3	0	-1
2	6432	1104	144	48	3	0	-1
2	6528	816	144	48	3	0	-1
# BRICK 
2	0	1248	1872	48	3	2	2
2	1872	1200	1392	96	3	2	2
2	3456	1248	1056	48	3	2	2
2	4608	1248	240	48	3	2	2
2	4992	1248	1704	48	3	2	2
2	6768	1248	2000	49	3	2	2
# BRICK UNDERGROUND
#2	5952	1392	1536	48	3	2	2
2	5952	1392	1032	48	3	2	2
2	5952	1440	384	432	3	2	2
2	5952	1872	1536	96	3	2	2
2	7104	1440	384	432	3	2	2
2	6960	1584	144	48	3	2	2
2	6912	1632	192	48	3	2	2
2	6864	1680	240	48	3	2	2
2	6816	1728	288	48	3	2	2
2	6768	1776	336	48	3	2	2
2	6720	1824	384	48	3	2	2

1	6336	1440	96	48	3	2	2
#ghost platform in the airrr
2	3936	432	192	48	3	0	-1
2	4224	576	192	48	3	0	-1
2	4464	528	624	48	3	0	-1
[OBJECTS DYNAMIC IN GRID]
# ENEMY
# goomba
#object_type_id	x	y	w	t	b	l	r	h	animation_sets	type_goomba
3	672	1152	48	48	3	3	1	1	5	1
3	1584	1195	48	48	3	3	4	4	5	1
3	2500	1147	48	48	3	3	6	6	5	1
3	2640	1147	48	48	3	3	7	7	5	1
3	2832	1100	60	72	3	3	7	7	5	2
# koopa
#id	x	y	w	h	t	b	l	r	animation_sets	type	type_move
4	1728	1051	78	78	3	3	4	4	6	1	1
4	3978	864	48	78	2	2	10	10	6	2	2
4	4092	864	48	78	2	2	10	11	6	2	2
4	4206	864	48	78	2	2	11	11	6	2	2
4	4416	1152	48	78	3	3	11	11	6	2	1
4	6288	1056	48	78	3	3	16	17	6	1	1
# brick question
#object_type_id	x	y	w	h	t	b	l	r	ani_sets	type
5	528	1056	48	48	3	3	1	1	2	1
5	576	1056	48	48	3	3	1	1	2	1
5	672	912	48	48	2	2	1	1	2	1
5	720	912	48	48	2	2	1	2	2	2
5	1248	960	48	48	2	2	3	3	2	1
5	1968	1152	48	48	3	3	5	5	2	2
5	2112	1056	48	48	3	3	5	5	2	1
5	4416	1104	48	48	3	3	11	11	2	2
#flowerrrrrr
6	1080	1106	48	96	3	3	2	3	10	1
6	5592	1106	48	72	3	3	15	15	10	2
6	5400	1154	48	67	3	3	14	14	10	3
# static coin
#id	x	y	w	h	t	b	l	r	aniset	type
7	3216	955	14	16	2	2	8	8	7	2
7	3312	859	14	16	2	2	8	8	7	2
7	3408	763	14	16	2	2	9	9	7	2
7	3504	667	14	16	1	1	9	9	7	2
7	3600	571	14	16	1	1	9	9	7	2
# static coin in the airrrr
7	3984	240	14	16	0	0	10	10	7	2
7	4032	240	14	16	0	0	10	10	7	2
7	4080	240	14	16	0	0	10	10	7	2
7	4368	336	14	16	0	1	11	11	7	2
7	4416	336	14	16	0	1	11	11	7	2
7	4560	384	14	16	1	1	12	12	7	2
7	4608	384	14	16	1	1	12	12	7	2
7	4656	384	14	16	1	1	12	12	7	2
7	4704	384	14	16	1	1	12	12	7	2
7	4800	336	14	16	0	1	12	12	7	2
7	4848	336	14	16	0	1	13	13	7	2
7	4896	336	14	16	0	1	13	13	7	2
7	4944	336	14	16	0	1	13	13	7	2
7	5010	432	14	16	1	1	13	13	7	2
7	5106	336	14	16	0	1	13	13	7	2
7	5202	384	14	16	1	1	13	14	7	2
7	5346	288	14	16	0	0	14	14	7	2
7	5442	384	14	16	1	1	14	14	7	2

# static coin underground

7	6606	1512	14	16	4	4	17	17	7	2
7	6606	1704	14	16	4	4	17	17	7	2

7	6654	1464	14	16	4	4	17	17	7	2
7	6654	1608	14	16	4	4	17	17	7	2
7	6654	1752	14	16	5	5	17	17	7	2

7	6702	1464	14	16	4	4	17	18	7	2
7	6702	1608	14	16	4	4	17	18	7	2
7	6702	1752	14	16	5	5	17	18	7	2

7	6750	1512	14	16	4	4	18	18	7	2
7	6750	1560	14	16	4	4	18	18	7	2
7	6750	1656	14	16	4	4	18	18	7	2
7	6750	1704	14	16	4	4	18	18	7	2
#gate
8	6768	336	96	96	0	1	18	18	3	1	5904	1392	6360	1400	-1
8	7008	1396	96	96	4	4	18	19	3	2	5904	720	7000	1152	1
8	6336	1400	96	80	4	4	4	17	3	2	5904	1392	6338	1392	0
8	6960	1152	96	96	3	3	18	18	3	1	5904	720	6984	1	0
#especial brick
# type	x	y	w	h	animation_set	type_object
9	5856	1200	48	48	3	3	15	15	2	1
9	5904	1200	48	48	3	3	15	15	2	1
9	5952	1200	48	48	3	3	15	16	2	1
9	6000	1200	48	48	3	3	16	16	2	1
9	6048	1200	48	48	3	3	16	16	2	1
9	6096	1200	48	48	3	3	16	16	2	1
9	6144	1200	48	48	3	3	16	16	2	1
9	5904	1152	48	48	3	3	15	15	2	1
9	5952	1152	48	48	3	3	15	16	2	1

9	6000	1152	48	48	3	3	16	16	2	1
9	6048	1152	48	48	3	3	16	16	2	1
9	6096	1152	48	48	3	3	16	16	2	1
9	5952	1104	48	48	3	3	15	16	2	1
9	6000	1104	48	48	3	3	16	16	2	1
9	6048	1104	48	48	3	3	16	16	2	1
9	6096	1104	48	48	3	3	16	16	2	2
9	6288	1200	48	48	3	3	16	17	2	1
9	6288	1152	48	48	3	3	16	17	2	1
9	6336	1200	48	48	3	3	17	17	2	1

9	4320	384	48	48	1	1	11	11	2	3

#RANDOM GIFT
10	8064	1008	48	48	2	3	21	21	17