# type	x	y	w	h	ani_set_id	extra_settings per object type

# bling bling brick
# loai	x	y	w	h	animation_set	type_object
1	672	1056	48	48	3	3	0
1	720	1056	48	48	3	3	0
1	768	1056	48	48	3	3	0
1	816	1056	48	48	3	3	0


1	1152	1008	48	48	3	3	0
1	1200	1008	48	48	3	3	0
1	1248	1008	48	48	3	3	0
1	1296	1008	48	48	3	3	0
1	1344	1008	48	48	3	3	0


1	1824	864	48	48	3	3	0
1	1872	864	48	48	3	3	0
1	1920	864	48	48	3	3	0
1	1968	864	48	48	3	3	0
	
1	1920	1104	48	48	3	3	0
1	1968	1104	48	48	3	3	0

1	2256	960	48	48	3	3	0

1	2256	1056	48	48	3	3	0

1	2256	1104	48	48	3	3	0
1	2304	1104	48	48	3	3	0
1	2352	1104	48	48	3	3	0
1	2400	1104	48	48	3	3	0

1	2592	1008	48	48	3	3	0
1	2592	1056	48	48	3	3	0
1	2592	1104	48	48	3	3	0

1	2592	1152	48	48	3	3	0
1	2640	1152	48	48	3	3	0
1	2688	1152	48	48	3	3	0


1	2832	1008	48	48	3	3	0

1	2832	1056	48	48	3	3	0
1	2880	1056	48	48	3	3	0


1	2880	1200	48	48	3	3	0
1	2928	1200	48	48	3	3	0
1	2976	1200	48	48	3	3	0
1	3024	1200	48	48	3	3	0

1	3024	1056	48	48	3	3	0
1	3072	1056	48	48	3	3	0
1	3120	1056	48	48	3	3	0
1	3168	1056	48	48	3	3	0
1	3216	1056	48	48	3	3	0

1	3696	864	48	48	3	3	0


1	3552	912	48	48	3	3	0
1	3600	912	48	48	3	3	0
1	3648	912	48	48	3	3	0
1	3696	912	48	48	3	3	0



1	3504	1152	48	48	3	3	0
1	3552	1152	48	48	3	3	0
1	3600	1152	48	48	3	3	0
1	3648	1152	48	48	3	3	0

1	3792	1104	48	48	3	3	0
1	3840	1104	48	48	3	3	0

1	4176	912	48	48	3	3	0
1	4224	912	48	48	3	3	0
1	4272	912	48	48	3	3	0

1	4608	864	48	48	3	3	0

1	4608	912	48	48	3	3	0


1	4608	1104	48	48	3	3	0

1	4608	1152	48	48	3	3	0



1	4608	1200	48	48	3	3	0
1	4656	1200	48	48	3	3	0
1	4704	1200	48	48	3	3	0
1	4752	1200	48	48	3	3	0


1	5184	864	48	48	3	3	0
1	5184	912	48	48	3	3	0
1	5184	960	48	48	3	3	0



1	5328	1104	48	48	3	3	0
1	5376	1104	48	48	3	3	0
1	5424	1104	48	48	3	3	0


# static coin
12	1008	912	14	16	14	3
12	1056	912	14	16	14	3
12	1104	912	14	16	14	3

12	1248	816	14	16	14	3
12	1296	816	14	16	14	3
12	1344	816	14	16	14	3


12	2296	912	14	16	14	3
12	2344	912	14	16	14	3
12	2392	912	14	16	14	3


12	2536	816	14	16	14	3
12	2584	816	14	16	14	3
12	2632	816	14	16	14	3


12	3976	864	14	16	14	3
12	4024	864	14	16	14	3
12	4072	864	14	16	14	3

12	4504	816	14	16	14	3
12	4504	864	14	16	14	3
12	4504	912	14	16	14	3
12	4504	960	14	16	14	3
12	4504	1008	14	16	14	3
12	4504	1056	14	16	14	3
12	4504	1104	14	16	14	3
12	4504	1152	14	16	14	3


12	5664	912	14	16	14	3
12	5712	912	14	16	14	3
12	5760	912	14	16	14	3

#moving platform
18	1104	960	144	48	28	3
18	1776	912	144	48	28	3
18	1680	1056	144	48	28	3
18	1872	1200	144	48	28	3
18	2256	1008	144	48	28	3
18	3264	1152	144	48	28	3
18	3600	960	144	48	28	3
18	4224	1008	144	48	28	3
18	4128	1056	144	48	28	3

18	4648	912	144	48	28	3
18	5328	1008	144	48	28	3
18	5232	1152	144	48	28	3
8	5376	1248	144	48	28	3

# RANDOM BONUS
17	7368	984	48	48	22	3






