[OBJECTS NOT IN GRID]
# type	x	y	w	h	ani_set_id	extra_settings per object type
# type: 0 = Mario , 1 = Brick, 2 = Goomba, 3 = Koopas
#object_type_id	x	y	w	h	animation_sets	collisionX	collisionY
# COLLISION MAP
2	0	1296	7000	48	3	2	2
2	5904	1104	144	96	3	0	-1
2	6192	0	24	1392	3	2	2
# BRICK
2	-48	0	48	1392	3	2	2
2	0	1056	480	240	3	2	2
2	5760	1200	384	96	3	2	2
2	6096	0	48	1392	3	2	2
2	6192	1248	3000	48	3	2	2

# pipe
2	5808	1008	96	192	15	2	2
2	6576	1152	96	96	16	2	2
[OBJECTS IN GRID]
# static coin
#id	x	y	w	h	t	b	l	r	aniset	type
7	1008	912	14	16	0	0	0	0	7	2
7	1056	912	14	16	0	0	0	0	7	2
7	1104	912	14	16	0	0	0	0	7	2
7	1248	816	14	16	0	0	0	0	7	2
7	1296	816	14	16	0	0	0	0	7	2
7	1344	816	14	16	0	0	0	0	7	2
7	2296	912	14	16	0	0	0	0	7	2
7	2344	912	14	16	0	0	0	0	7	2
7	2392	912	14	16	0	0	0	0	7	2
7	2536	816	14	16	0	0	0	0	7	2
7	2584	816	14	16	0	0	0	0	7	2
7	2632	816	14	16	0	0	0	0	7	2
7	3976	864	14	16	0	0	0	0	7	2
7	4024	864	14	16	0	0	0	0	7	2
7	4072	864	14	16	0	0	0	0	7	2
7	4504	816	14	16	0	0	0	0	7	2
7	4504	864	14	16	0	0	0	0	7	2
7	4504	912	14	16	0	0	0	0	7	2
7	4504	960	14	16	0	0	0	0	7	2
7	4504	1008	14	16	0	0	0	0	7	2
7	4504	1056	14	16	0	0	0	0	7	2
7	4504	1104	14	16	0	0	0	0	7	2
7	4504	1152	14	16	0	0	0	0	7	2
7	5664	912	14	16	0	0	0	0	7	2
7	5712	912	14	16	0	0	0	0	7	2
7	5760	912	14	16	0	0	0	0	7	2	5904	720	6984	1	0
#especial brick
# type	x	y	w	h	animation_set	type_object
9	672	1056	48	48	0	0	0	0	2	1
9	720	1056	48	48	0	0	0	0	2	1
9	768	1056	48	48	0	0	0	0	2	1
9	816	1056	48	48	0	0	0	0	2	1
9	1152	1008	48	48	0	0	0	0	2	1
9	1200	1008	48	48	0	0	0	0	2	1
9	1248	1008	48	48	0	0	0	0	2	1
9	1296	1008	48	48	0	0	0	0	2	1
9	1344	1008	48	48	0	0	0	0	2	1
9	1824	864	48	48	0	0	0	0	2	1
9	1872	864	48	48	0	0	0	0	2	1
9	1920	864	48	48	0	0	0	0	2	1
9	1968	864	48	48	0	0	0	0	2	1	
9	1920	1104	48	48	0	0	0	0	2	1
9	1968	1104	48	48	0	0	0	0	2	1
9	2256	960	48	48	0	0	0	0	2	1
9	2256	1056	48	48	0	0	0	0	2	1
9	2256	1104	48	48	0	0	0	0	2	1
9	2304	1104	48	48	0	0	0	0	2	1
9	2352	1104	48	48	0	0	0	0	2	1
9	2400	1104	48	48	0	0	0	0	2	1
9	2592	1008	48	48	0	0	0	0	2	1
9	2592	1056	48	48	0	0	0	0	2	1
9	2592	1104	48	48	0	0	0	0	2	1
9	2592	1152	48	48	0	0	0	0	2	1
9	2640	1152	48	48	0	0	0	0	2	1
9	2688	1152	48	48	0	0	0	0	2	1
9	2832	1008	48	48	0	0	0	0	2	1
9	2832	1056	48	48	0	0	0	0	2	1
9	2880	1056	48	48	0	0	0	0	2	1
9	2880	1200	48	48	0	0	0	0	2	1
9	2928	1200	48	48	0	0	0	0	2	1
9	2976	1200	48	48	0	0	0	0	2	1
9	3024	1200	48	48	0	0	0	0	2	1
9	3024	1056	48	48	0	0	0	0	2	1
9	3072	1056	48	48	0	0	0	0	2	1
9	3120	1056	48	48	0	0	0	0	2	1
9	3168	1056	48	48	0	0	0	0	2	1
9	3216	1056	48	48	0	0	0	0	2	1
9	3696	864	48	48	0	0	0	0	2	1
9	3552	912	48	48	0	0	0	0	2	1
9	3600	912	48	48	0	0	0	0	2	1
9	3648	912	48	48	0	0	0	0	2	1
9	3696	912	48	48	0	0	0	0	2	1
9	3504	1152	48	48	0	0	0	0	2	1
9	3552	1152	48	48	0	0	0	0	2	1
9	3600	1152	48	48	0	0	0	0	2	1
9	3648	1152	48	48	0	0	0	0	2	1
9	3792	1104	48	48	0	0	0	0	2	1
9	3840	1104	48	48	0	0	0	0	2	1
9	4176	912	48	48	0	0	0	0	2	1
9	4224	912	48	48	0	0	0	0	2	1
9	4272	912	48	48	0	0	0	0	2	1
9	4608	864	48	48	0	0	0	0	2	1
9	4608	912	48	48	0	0	0	0	2	1
9	4608	1104	48	48	0	0	0	0	2	1
9	4608	1152	48	48	0	0	0	0	2	1
9	4608	1200	48	48	0	0	0	0	2	1
9	4656	1200	48	48	0	0	0	0	2	1
9	4704	1200	48	48	0	0	0	0	2	1
9	4752	1200	48	48	0	0	0	0	2	1
9	5184	864	48	48	0	0	0	0	2	1
9	5184	912	48	48	0	0	0	0	2	1
9	5184	960	48	48	0	0	0	0	2	1
9	5328	1104	48	48	0	0	0	0	2	1
9	5376	1104	48	48	0	0	0	0	2	1
9	5424	1104	48	48	0	0	0	0	2	1
#moving platform
11	1104	960	144	48	0	0	0	0	19
11	1776	912	144	48	0	0	0	0	19
11	1680	1056	144	48	0	0	0	0	19
11	1872	1200	144	48	0	0	0	0	19
11	2256	1008	144	48	0	0	0	0	19
11	3264	1152	144	48	0	0	0	0	19
11	3600	960	144	48	0	0	0	0	19
11	4224	1008	144	48	0	0	0	0	19
11	4128	1056	144	48	0	0	0	0	19
11	4648	912	144	48	0	0	0	0	19
11	5328	1008	144	48	0	0	0	0	19
11	5232	1152	144	48	0	0	0	0	19
#11	5376	1248	144	48	0	0	0	0	19

#RANDOM GIFT
10	7368	984	48	48	0	0	0	0	17
#GATE
8	5808	1008	96	288	0	0	0	0	3	3	6192	720	6615	1152	-1
8	6576	1152	96	96	0	0	0	0	3	4	6192	720	6615	1152	0
#KOOPA
4	5910	1000	48	78	0	0	0	0	6	1	1
4	5616	912	48	78	0	0	0	0	6	1	3
#BOOMERANG BROTHER
12	6255	1100	48	72	0	0	0	0	20