# id	file_path	transparent_color_r	g	b
[TEXTURES]
1	textures\mario.png	255	255	255
2	textures\misc.png	176	224	248
3	textures\transparent_brick.png	255	0	255
# id	left	top	right	bottom	texture_id
[SPRITES]
# SMALL MARIO
# IDLE FRONT
10001	397	8	16	16	1
# IDLE
10002	254	9	12	15	1
# WALK
10003	254	9	12	15	1
10004	269	8	15	16	1
# SKID
10005	287	8	14	16	1
# RUN
10006	323	8	16	16	1
10007	341	8	16	16	1
# JUMP
10008	304	8	16	16	1
# HIGH JUMP
10009	360	8	16	16	1
# BIG MARIO
# IDLE FRONT
20001	415	48	16	27	1
# IDLE
20002	197	48	14	27	1
# WALK
20003	197	48	14	27	1
20004	214	48	16	27	1
20005	233	49	16	26	1
# SKID
20006	252	47	16	28	1
# RUN
20007	290	48	19	27	1
20008	312	48	19	27	1
20009	335	49	19	26	1
# JUMP
20010	271	49	16	26	1
# HIGH JUMP
20011	357	49	19	26	1
# CROUCH
20012	379	57	14	18	1
# RACCOON MARIO
# IDLE FRONT
30001	174	142	16	28	1
# IDLE
30002	80	142	21	28	1
# WALK
30003	80	142	21	28	1
30004	104	142	22	28	1
30005	129	143	23	27	1
# SKID
30006	155	140	16	30	1
# RUN
30007	360	142	24	28	1
30008	387	142	24	28	1
30009	414	143	24	27	1
# JUMP
30010	257	143	23	27	1
# SPEED UP
30011	360	142	24	28	1
30012	387	142	24	28	1
30013	414	143	24	27	1
# FLY
30014	441	143	24	27	1
30015	468	143	24	27	1
30016	495	142	24	28	1
# SPIN
30017	174	142	16	28	1
30018	193	142	23	28	1
30019	219	142	16	28	1
# CROUCH
30020	522	152	22	18	1

#QUESTION BRICK
50001	300	117	16	16	2
50002	318	117	16	16	2
50003	336	117	16	16	2
50004	355	117	15	16	2

#BRICK COLLSION
60001	0	0	16	16	3

# ani_id	sprite1_id	time1	sprite2_id	time2	...
[ANIMATIONS]
# ==== MARIO =========
#SMALL MARIO
#idle right
101	10002	100
#idle left
102	10002	100
#walk right
103	10003	100	10004	100
#walk left
104	10003	100	10004	100
#jump right
105	10008	100
#jump left
106	10008	100
#high jump right
107	10009	100
#high jump left
108	10009	100
#falling
109	10004	100
#skid
110	10005	100
#run
111	10006	100	10007	100

#BIG MARIO
#idle right
201	20002	100
#idle left
202	20002	100
#walk right
203	20003	100	20004	100	20005	100
#walk left
204	20003	100	20004	100	20005	100
#jump right
205	20010	100
#jump left
206	20010	100
#high jump right
207	20010	100
#high jump left
208	20010	100
#falling
209	20005	100
#crouch
210	20012	100
#run
211	20007	100	20008	100	20009	100
#skid
212	20006	100

#RACCOON MARIO
#idle right
301	30002	100
#idle left
302	30002	100
#walk right
303	30003	100	30004	100	30005	100
#walk left
304	30003	100	30004	100	30005	100
#jump right
305	30010	100
#jump left
306	30010	100
#high jump right
307	30010	100
#high jump left
308	30010	100
#falling
309	30005	100
#crouch
310	30020	100
#run
311	30007	100	30008	100	30009	100
#skid
312	30006	100
#spin
313	30017	100	30018	100	30019	100
#speed up
314	30011	100	30012	100	30013	100
#fly
315	30014	100	30015	100	30016	100
# ==== QUESTION BRICK =========
501	50001	100	50001	100	50002	100	50003	100	50004	100
# BRICK COLLISION
601	60001	100

# id	ani1	ani2	ani3
[ANIMATION_SETS]
# MARIO
1	101	102	102	103	104	105	106	107	108	109	110	111	201	202	203	204	205	206	207	208	209	210	211	212	301	302	303	304	305	306	307	308	309	310	311	312	313	314	315
# QUESTION BRICK 
2	501
# BRICK COLLISION
3	601

