#map
#maptxt
[MAP]
1	Resources\map.txt	Resources\tileset.png	Resources\tilesetcoordinates.txt	255	255	255
[OBJECTS]
# type	x	y	w	h	ani_set_id	extra_settings per object type
# type: 0 = Mario , 1 = Brick, 2 = Goomba, 3 = Koopas
# MARIO
0	0	0	0	0	1
# COLLISION MAP
2	1056	1104	96	144	0	2	2
2	5376	1152	96	96	0	2	2
2	5568	1104	96	144	0	2	2
2	6768	432	96	528	0	2	2
2	6768	1104	96	144	0	2	2
2	6960	1152	96	96	0	2	2
2	4512	1008	96	48	0	2	2
2	4800	1104	48	48	0	2	2
2	4752	1152	96	48	0	2	2
2	4704	1200	144	48	0	2	2
2	4992	1104	48	48	0	2	2
2	4992	1152	96	48	0	2	2
2	4992	1200	144	48	0	2	2
# ghost platform
2	720	1104	144	48	0	0	-1
2	816	1008	144	48	0	0	-1
2	1200	1104	240	48	0	0	-1
2	1392	1008	192	48	0	0	-1
2	1536	912	192	48	0	0	-1
2	1536	1152	288	48	0	0	-1
2	3792	1152	336	48	0	0	-1
2	3888	1056	336	48	0	0	-1
2	3984	960	336	48	0	0	-1
2	3936	432	192	48	0	0	-1
2	6432	1104	144	48	0	0	-1
2	6528	816	144	48	0	0	-1
# BRICK 
1	0	1248	1872	48	3
1	1872	1200	1392	96	3
1	3456	1248	768	48	3
1	4224	1248	288	48	3
1	4608	1248	240	48	3
1	4992	1248	1728	48	3
1	6768	1248	1680	49	3