0 0
48 0
96 0
144 0
192 0
240 0
288 0
336 0
384 0
432 0
480 0
528 0
576 0
624 0
672 0
720 0
768 0
816 0
864 0
912 0
960 0
1008 0
1056 0
1104 0
1152 0
1200 0
1248 0
1296 0
0 48
48 48
96 48
144 48
192 48
240 48
288 48
336 48
384 48
432 48
480 48
528 48
576 48
624 48
672 48
720 48
768 48
816 48
864 48
912 48
960 48
1008 48
1056 48
1104 48
1152 48
1200 48
1248 48
1296 48
0 96
48 96
96 96
144 96
192 96
240 96
288 96
336 96
384 96
432 96
480 96
528 96
576 96
624 96
672 96
720 96
768 96
816 96
864 96
912 96
960 96
1008 96
1056 96
1104 96
1152 96
1200 96
1248 96
1296 96
0 144
48 144
96 144
144 144
192 144
240 144
288 144
336 144
384 144
432 144
480 144
528 144
576 144
624 144
672 144
720 144
768 144
816 144
864 144
912 144
960 144
1008 144
1056 144
1104 144
1152 144
1200 144
1248 144
1296 144
0 192
48 192
96 192
144 192
192 192
240 192
288 192
336 192
384 192
432 192
480 192
528 192
576 192
624 192
672 192
720 192
768 192
816 192
864 192
912 192
960 192
1008 192
1056 192
1104 192
1152 192
1200 192
1248 192
1296 192
0 240
48 240
96 240
144 240
192 240
240 240
288 240
336 240
384 240
432 240
480 240
528 240
576 240
624 240
672 240
720 240
768 240
816 240
864 240
912 240
960 240
1008 240
1056 240
1104 240
1152 240
1200 240
1248 240
1296 240
0 288
48 288
96 288
144 288
192 288
240 288
288 288
336 288
384 288
432 288
480 288
528 288
576 288
624 288
672 288
720 288
768 288
816 288
864 288
912 288
960 288
1008 288
1056 288
1104 288
1152 288
1200 288
1248 288
1296 288
0 336
48 336
96 336
144 336
192 336
240 336
288 336
336 336
384 336
432 336
480 336
528 336
576 336
624 336
672 336
720 336
768 336
816 336
864 336
912 336
960 336
1008 336
1056 336
1104 336
1152 336
1200 336
1248 336
1296 336
0 384
48 384
96 384
144 384
192 384
240 384
288 384
336 384
384 384
432 384
480 384
528 384
576 384
624 384
672 384
720 384
768 384
816 384
864 384
912 384
960 384
1008 384
1056 384
1104 384
1152 384
1200 384
1248 384
1296 384
0 432
48 432
96 432
144 432
192 432
240 432
288 432
336 432
384 432
432 432
480 432
528 432
576 432
624 432
672 432
720 432
768 432
816 432
864 432
912 432
960 432
1008 432
1056 432
1104 432
1152 432
1200 432
1248 432
1296 432
0 480
48 480
96 480
144 480
192 480
240 480
288 480
336 480
384 480
432 480
480 480
528 480
576 480
624 480
672 480
720 480
768 480
816 480
864 480
912 480
960 480
1008 480
1056 480
1104 480
1152 480
1200 480
1248 480
1296 480
0 528
48 528
96 528
144 528
192 528
240 528
288 528
336 528
384 528
432 528
480 528
528 528
576 528
624 528
672 528
720 528
768 528
816 528
864 528
912 528
960 528
1008 528
1056 528
1104 528
1152 528
1200 528
1248 528
1296 528
0 576
48 576
96 576
144 576
192 576
240 576
288 576
336 576
384 576
432 576
480 576
528 576
576 576
624 576
672 576
720 576
768 576
816 576
864 576
912 576
960 576
1008 576
1056 576
1104 576
1152 576
1200 576
1248 576
1296 576
0 624
48 624
96 624
144 624
192 624
240 624
288 624
336 624
384 624
432 624
480 624
528 624
576 624
624 624
672 624
720 624
768 624
816 624
864 624
912 624
960 624
1008 624
1056 624
1104 624
1152 624
1200 624
1248 624
1296 624
0 672
48 672
96 672
144 672
192 672
240 672
288 672
336 672
384 672
432 672
480 672
528 672
576 672
624 672
672 672
720 672
768 672
816 672
864 672
912 672
960 672
1008 672
1056 672
1104 672
1152 672
1200 672
1248 672
1296 672
0 720
48 720
96 720
144 720
192 720
240 720
288 720
336 720
384 720
432 720
480 720
528 720
576 720
624 720
672 720
720 720
768 720
816 720
864 720
912 720
960 720
1008 720
1056 720
1104 720
1152 720
1200 720
1248 720
1296 720
0 768
48 768
96 768
144 768
192 768
240 768
288 768
336 768
384 768
432 768
480 768
528 768
576 768
624 768
672 768
720 768
768 768
816 768
864 768
912 768
960 768
1008 768
1056 768
1104 768
1152 768
1200 768
1248 768
1296 768
0 816
48 816
96 816
144 816
192 816
240 816
288 816
336 816
384 816
432 816
480 816
528 816
576 816
624 816
672 816
720 816
768 816
816 816
864 816
912 816
960 816
1008 816
1056 816
1104 816
1152 816
1200 816
1248 816
1296 816
0 864
48 864
96 864
144 864
192 864
240 864
288 864
336 864
384 864
432 864
480 864
528 864
576 864
624 864
672 864
720 864
768 864
816 864
864 864
912 864
960 864
1008 864
1056 864
1104 864
1152 864
1200 864
1248 864
1296 864
0 912
48 912
96 912
144 912
192 912
240 912
288 912
336 912
384 912
432 912
480 912
528 912
576 912
624 912
672 912
720 912
768 912
816 912
864 912
912 912
960 912
1008 912
1056 912
1104 912
1152 912
1200 912
1248 912
1296 912
0 960
48 960
96 960
144 960
192 960
240 960
288 960
336 960
384 960
432 960
480 960
528 960
576 960
624 960
672 960
720 960
768 960
816 960
864 960
912 960
960 960
1008 960
1056 960
1104 960
1152 960
1200 960
1248 960
1296 960
0 1008
48 1008
96 1008
144 1008
192 1008
240 1008
288 1008
336 1008
384 1008
432 1008
480 1008
528 1008
576 1008
624 1008
672 1008
720 1008
768 1008
816 1008
864 1008
912 1008
960 1008
1008 1008
1056 1008
1104 1008
1152 1008
1200 1008
1248 1008
1296 1008
0 1056
48 1056
96 1056
144 1056
192 1056
240 1056
288 1056
336 1056
384 1056
432 1056
480 1056
528 1056
576 1056
624 1056
672 1056
720 1056
768 1056
816 1056
864 1056
912 1056
960 1056
1008 1056
1056 1056
1104 1056
1152 1056
1200 1056
1248 1056
1296 1056
0 1104
48 1104
96 1104
144 1104
192 1104
240 1104
288 1104
336 1104
384 1104
432 1104
480 1104
528 1104
576 1104
624 1104
672 1104
720 1104
768 1104
816 1104
864 1104
912 1104
960 1104
1008 1104
1056 1104
1104 1104
1152 1104
1200 1104
1248 1104
1296 1104
0 1152
48 1152
96 1152
144 1152
192 1152
240 1152
288 1152
336 1152
384 1152
432 1152
480 1152
528 1152
576 1152
624 1152
672 1152
720 1152
768 1152
816 1152
864 1152
912 1152
960 1152
1008 1152
1056 1152
1104 1152
1152 1152
1200 1152
1248 1152
1296 1152
0 1200
48 1200
96 1200
144 1200
192 1200
240 1200
288 1200
336 1200
384 1200
432 1200
480 1200
528 1200
576 1200
624 1200
672 1200
720 1200
768 1200
816 1200
864 1200
912 1200
960 1200
1008 1200
1056 1200
1104 1200
1152 1200
1200 1200
1248 1200
1296 1200
0 1248
48 1248
96 1248
144 1248
192 1248
240 1248
288 1248
336 1248
384 1248
432 1248
480 1248
528 1248
576 1248
624 1248
672 1248
720 1248
768 1248
816 1248
864 1248
912 1248
960 1248
1008 1248
1056 1248
1104 1248
1152 1248
1200 1248
1248 1248
1296 1248
0 1296
48 1296
96 1296
144 1296
192 1296
240 1296
288 1296
336 1296
384 1296
432 1296
480 1296
528 1296
576 1296
624 1296
672 1296
720 1296
768 1296
816 1296
864 1296
912 1296
960 1296
1008 1296
1056 1296
1104 1296
1152 1296
1200 1296
1248 1296
1296 1296
0 1344
48 1344
96 1344
144 1344
192 1344
240 1344
288 1344
336 1344
384 1344
432 1344
480 1344
528 1344
576 1344
624 1344
672 1344
720 1344
768 1344
816 1344
864 1344
912 1344
960 1344
1008 1344
1056 1344
1104 1344
1152 1344
1200 1344
1248 1344
1296 1344
0 1392
48 1392
96 1392
144 1392
192 1392
240 1392
288 1392
336 1392
384 1392
432 1392
480 1392
528 1392
576 1392
624 1392
672 1392
720 1392
768 1392
816 1392
864 1392
912 1392
960 1392
1008 1392
1056 1392
1104 1392
1152 1392
1200 1392
1248 1392
1296 1392
0 1440
48 1440
96 1440
144 1440
192 1440
240 1440
288 1440
336 1440
384 1440
432 1440
480 1440
528 1440
576 1440
624 1440
672 1440
720 1440
768 1440
816 1440
864 1440
912 1440
960 1440
1008 1440
1056 1440
1104 1440
1152 1440
1200 1440
1248 1440
1296 1440
0 1488
48 1488
96 1488
144 1488
192 1488
240 1488
288 1488
336 1488
384 1488
432 1488
480 1488
528 1488
576 1488
624 1488
672 1488
720 1488
768 1488
816 1488
864 1488
912 1488
960 1488
1008 1488
1056 1488
1104 1488
1152 1488
1200 1488
1248 1488
1296 1488
0 1536
48 1536
96 1536
144 1536
192 1536
240 1536
288 1536
336 1536
384 1536
432 1536
480 1536
528 1536
576 1536
624 1536
672 1536
720 1536
768 1536
816 1536
864 1536
912 1536
960 1536
1008 1536
1056 1536
1104 1536
1152 1536
1200 1536
1248 1536
1296 1536
0 1584
48 1584
96 1584
144 1584
192 1584
240 1584
288 1584
336 1584
384 1584
432 1584
480 1584
528 1584
576 1584
624 1584
672 1584
720 1584
768 1584
816 1584
864 1584
912 1584
960 1584
1008 1584
1056 1584
1104 1584
1152 1584
1200 1584
1248 1584
1296 1584
0 1632
48 1632
96 1632
144 1632
192 1632
240 1632
288 1632
336 1632
384 1632
432 1632
480 1632
528 1632
576 1632
624 1632
672 1632
720 1632
768 1632
816 1632
864 1632
912 1632
960 1632
1008 1632
1056 1632
1104 1632
1152 1632
1200 1632
1248 1632
1296 1632
0 1680
48 1680
96 1680
144 1680
192 1680
240 1680
288 1680
336 1680
384 1680
432 1680
480 1680
528 1680
576 1680
624 1680
672 1680
720 1680
768 1680
816 1680
864 1680
912 1680
960 1680
1008 1680
1056 1680
1104 1680
1152 1680
1200 1680
1248 1680
1296 1680
0 1728
48 1728
96 1728
144 1728
192 1728
240 1728
288 1728
336 1728
384 1728
432 1728
480 1728
528 1728
576 1728
624 1728
672 1728
720 1728
768 1728
816 1728
864 1728
912 1728
960 1728
1008 1728
1056 1728
1104 1728
1152 1728
1200 1728
1248 1728
1296 1728
0 1776
48 1776
96 1776
144 1776
192 1776
240 1776
288 1776
336 1776
384 1776
432 1776
480 1776
528 1776
576 1776
624 1776
672 1776
720 1776
768 1776
816 1776
864 1776
912 1776
960 1776
1008 1776
1056 1776
1104 1776
1152 1776
1200 1776
1248 1776
1296 1776
0 1824
48 1824
96 1824
144 1824
192 1824
240 1824
288 1824
336 1824
384 1824
432 1824
480 1824
528 1824
576 1824
624 1824
672 1824
720 1824
768 1824
816 1824
864 1824
912 1824
960 1824
1008 1824
1056 1824
1104 1824
1152 1824
1200 1824
1248 1824
1296 1824